.Random.seed <-
c(403L, 10L, -1490761234L, -1466229351L, 1663380011L, -1455162598L, 
-1550982692L, 364558303L, -1854410827L, 2088245580L, -1040199774L, 
1592452861L, -1793021961L, -770703074L, 65784792L, -908227269L, 
-841037095L, -1629624728L, -870860906L, -859012335L, -1932292925L, 
-362060590L, -1950461596L, 879887527L, -1311585795L, -809982988L, 
-948405030L, 1659104805L, -219700417L, -121409338L, 1770966352L, 
2090726771L, 1283235729L, -1473777216L, -205229154L, -1281430167L, 
-573655653L, -913336150L, -1145747764L, 610838415L, 1647485893L, 
966625148L, 135903186L, -492546227L, 665323015L, 1929123310L, 
1855365320L, -445386805L, -423130583L, 276412536L, -1396623962L, 
1753137089L, 1082074195L, 2077821698L, -1495560652L, 461900727L, 
-571499603L, -1079570236L, -701160214L, 1659415381L, 108223727L, 
229733110L, -115392992L, 1285522403L, 1614416001L, -1667754256L, 
98989454L, 264813305L, -1254623093L, -298483526L, -1425714244L, 
-2143172353L, 250174549L, 377104236L, -469608510L, -1129816035L, 
891003031L, -1020764674L, 283159992L, 356147611L, 1827071993L, 
-832704696L, 1073003126L, 728527793L, 672886243L, 744010418L, 
-1646178556L, 1238332487L, 1666220829L, 1915279764L, -849175238L, 
2055405957L, -1381117345L, 1803973862L, -788117648L, 1078347923L, 
636011825L, 1176916960L, 1634615422L, -835413239L, 271580475L, 
-1624633078L, 94486764L, 1273064815L, 1688679077L, -892531620L, 
-1429992398L, -2008970451L, -1594650137L, 891366670L, 1901527784L, 
-935179029L, 1768031625L, -1087187688L, 1800919110L, 356188321L, 
-1845491917L, 140973730L, 126952852L, 292858903L, 875576333L, 
959355172L, 779187466L, 1793873013L, -2003255345L, 462577878L, 
-755933056L, -1737695549L, -1249793951L, 1660459216L, -989834706L, 
-1302940711L, -527909909L, 1714903642L, -1259099108L, 1362376991L, 
888154485L, 1738745868L, -1112624670L, -500266307L, -630864585L, 
682764766L, 795078424L, 1891673723L, -763681767L, -604515160L, 
1311338070L, -394130735L, -926815613L, 332996882L, -359398236L, 
-55585689L, 1117904317L, 1974116148L, -539476838L, 1409680101L, 
997719167L, -1290422778L, -2141290096L, 199736371L, 1597133777L, 
940480896L, -1011895202L, -1488002135L, 1573468763L, -871670166L, 
1184670476L, 763004239L, 321322501L, 1435894972L, 1697019282L, 
-785961331L, -2102647609L, 30982574L, -1774359544L, -461398005L, 
-2040261399L, -811224136L, 569605222L, 1687248129L, 1502231443L, 
-2052170686L, -1708858380L, 864890359L, -1743015443L, 771211908L, 
1214608554L, 882270741L, 1616830127L, 1445190838L, -2023904544L, 
-2001283549L, 663443777L, 1084851248L, 1781718606L, -1048081735L, 
-892703029L, 565860218L, -1466098052L, 2071730879L, 1055030165L, 
-537019476L, -1545457278L, -235538595L, 2117933655L, -761065154L, 
-818400904L, -348140965L, -1644905031L, 1613750280L, -866835786L, 
1844001265L, -1579208669L, -874852238L, 1851798212L, 1005954183L, 
-10463139L, -1028571564L, 1418050682L, 1644079045L, 1245145375L, 
683600038L, 607930928L, -211791661L, 472276721L, -691372512L, 
-482015042L, 652020937L, 496313979L, -1415413492L, 328104892L, 
1341093170L, 867182528L, -2091211212L, -834577464L, -1004006214L, 
-1646631024L, -624989716L, -2040040364L, -1980515694L, 1642666784L, 
1476329932L, 2083122144L, -1098590526L, 1231402536L, -742601044L, 
1601582780L, -1399578126L, 1493301552L, -1852208988L, -1128093000L, 
-653119654L, 40254864L, -102363780L, -643354348L, -97215166L, 
672768768L, 102099900L, -1028562096L, 1486230818L, 1117808968L, 
-2067575796L, 1141640284L, -1536576302L, 2006094848L, -1730533548L, 
-1797404184L, 304192506L, -1846867248L, 11543852L, 613645556L, 
2073174930L, -537326496L, 1733138700L, 2084268768L, -1965386398L, 
-465381720L, -1642189236L, -578276484L, 1836515122L, -826793360L, 
-506408636L, -706435112L, -1329597318L, 675404336L, -1654477124L, 
-1432993964L, 1714032194L, -673235040L, -922895172L, -1606962736L, 
2065781090L, 935995368L, 1765735372L, -1608167684L, -339328014L, 
2125231232L, -440663820L, 530784392L, 104550714L, -954141872L, 
-637566868L, 977755284L, 1878648146L, 1352741600L, 1929260236L, 
-1404674912L, 445144450L, 1741409512L, 1879944428L, -179165124L, 
1415269490L, -1745863568L, -2038959580L, -323496392L, 167842330L, 
-1600842544L, -667720132L, -723459948L, -2008306558L, -26276928L, 
-916786884L, -192598384L, 2028471330L, -615157752L, 1372091532L, 
226919452L, 1108963474L, 1856545920L, 998300692L, -1726146776L, 
793724986L, 1103558864L, -240289684L, 334614196L, -417010670L, 
-624700448L, 480093132L, 132063712L, 964225058L, 1467442472L, 
267563276L, -1540644292L, -1267304206L, -1068647184L, 161797956L, 
-1725686696L, 673216058L, -148827920L, 1774761660L, -1853681132L, 
-2095153982L, -683406752L, -66805380L, 382094544L, -18388958L, 
-490834776L, -568565364L, 1015583164L, -1349923790L, -1339812032L, 
-136244556L, -1603945144L, 2136102586L, -1345895664L, -357115668L, 
1607068756L, -1035990254L, -1101501024L, 480802764L, -1066912928L, 
-1902732094L, 929317416L, 2058976684L, 232196924L, -1023860878L, 
-1059406032L, -1581186012L, 1093698104L, 679036634L, -971144304L, 
-1134372612L, -1280925292L, 842130242L, 1910970880L, -137944004L, 
-336565680L, 1646986402L, -1356269752L, -649511412L, 934461148L, 
186073170L, 1130414208L, 1650891604L, -1109285912L, 325772026L, 
-1141530800L, 403750956L, 1239921012L, -2072702318L, -489184672L, 
-416283508L, 603485536L, -1596520222L, 1732772008L, 949381836L, 
-212195844L, 1436139442L, 835819504L, -1350892092L, -399615656L, 
-118672006L, -632969808L, 1222912444L, -67536300L, 2104380866L, 
-1511720160L, -1385575492L, 1199686736L, 158326754L, -136830104L, 
1585702732L, 845085436L, -74188046L, -1647742720L, -1981901708L, 
-1184146936L, 1993550266L, 1680816592L, -871207956L, 444811156L, 
1791012050L, 744441952L, -683400884L, 174647072L, -2134660478L, 
-241055256L, -1903864852L, -51913156L, -145941902L, 995139440L, 
178426148L, -1796043208L, -1864999526L, 594359760L, 1606193596L, 
-384523628L, 1097168514L, -1437789760L, 1351466812L, 1519793808L, 
531764002L, 2085340680L, -529713396L, -302205028L, 913039378L, 
53151430L, 2027210756L, -794982475L, 338573471L, 986178808L, 
-1456468778L, 862842211L, -733664987L, 1509027522L, -1788544080L, 
1761069017L, 2007806283L, -2027137092L, 173527018L, 158152735L, 
1394957993L, 821936702L, 949948204L, 1923348861L, 929228743L, 
75001520L, -70452018L, 927966715L, 1607532125L, 2012711306L, 
-1554427480L, 1785016081L, 736955907L, -1683494652L, -1270416078L, 
-198677625L, 1492810193L, 542896982L, 1755822388L, 243238981L, 
2135691407L, 715718152L, -449289690L, -2124733741L, -534580171L, 
-969987182L, 1528601440L, -1106745655L, -1839998469L, -905591348L, 
740377690L, 2076375375L, -370579431L, 1861299758L, -558394308L, 
-926326355L, -1796083113L, 604818336L, -1731694338L, 1129083851L, 
1277928909L, 363809018L, -1114399944L, -496461599L, -1995531373L, 
1721704372L, -151198526L, -887166761L, 1648186657L, -353217306L, 
-1534606876L, 1950760213L, 1116927295L, 282536152L, 752515318L, 
-1524915453L, -408341435L, 343034978L, 155864016L, -736149255L, 
1972611627L, -538495588L, -317272630L, -1244643649L, 1251303433L, 
-1182940898L, -1000094516L, -677310307L, -1052367577L, 386791248L, 
-529040914L, -65466725L, -705937155L, 245393386L, -866967416L, 
965566001L, -694667101L, 513895588L, -1949676206L, -8058713L, 
-449340175L, -520508362L, 1160627412L, -1088108443L, 1453503087L, 
-1733956440L, -12236282L, -1192490189L, 1865179029L, 185514994L, 
1805045824L, 943092137L, -1100275685L, -1505817108L, 1444048378L, 
-1708320209L, 747820601L, -1025294258L, -2046318436L, 152070669L, 
-323074441L, -852287872L, -1814954786L, -755408981L, -1680977747L, 
-755481318L, -730357288L, 2146933313L, -898281229L, 1505619732L, 
904496802L, 1125203895L, -1684665471L, 1411332486L, 2025413572L, 
454969077L, -1465298081L, 928890296L, -87358314L, -781976925L, 
-734012315L, 907790722L, 1329599216L, 1683719833L, -2021553525L, 
-1899590788L, -1621856854L, 1701578207L, 917017449L, -1957358722L, 
1900874604L, 39321533L, -862598009L, 1627340912L, 1674111758L, 
